1	2	3	4	5
2008	0	0	0	7690200.93
2007	0	0	0	7691797.549
2006	0	0	0	7695970.88
2005	0	0	0	7703077.979
2004	0	0	0	7713473.383
2003	0	0	0	7727503.088
2002	0	0	0	7745498.308
2001	0	0	0	7767769.143
2000	0	0	0	7794598.259
1999	0	0	0	7826234.72
1998	0	0	0	7862888.085
1997	0	0	0	7904722.895
1996	0	0	0	7951853.68
1995	8252479.294	7684686.412	8820272.176	8004340.571
1994	8263818.661	7696025.779	8831611.543	8062185.649
1993	8284752.654	7716959.771	8852545.536	8125330.097
1992	8315092.366	7747299.484	8882885.249	8193652.25
1991	8354554.771	7786761.888	8922347.653	8266966.592
1990	8402765.291	7834972.408	8970558.173	8345023.756
1989	8459261.565	7891468.683	9027054.448	8427511.554
1988	8523498.363	7955705.481	9091291.245	8514057.048
1987	8594853.615	8027060.733	9162646.497	8604229.65
1986	8672635.5	8104842.618	9240428.383	8697545.238
1985	8756090.505	8188297.622	9323883.387	8793471.226
1984	8844412.366	8276619.484	9412205.248	8891432.545
1983	8936751.791	8368958.908	9504544.673	8990818.435
1982	9032226.823	8464433.941	9600019.706	9090989.974
1981	9129933.728	8562140.846	9697726.61	9191288.212
1980	9228958.239	8661165.356	9796751.121	9291042.805
1979	9328387.02	8760594.137	9896179.902	9389581.003
1978	9427319.169	8859526.287	9995112.051	9486236.851
1977	9524877.604	8957084.722	10092670.49	9580360.458
1976	9620220.149	9052427.267	10188013.03	9671327.174
1975	9712550.165	9144757.282	10280343.05	9758546.527
1974	9801126.545	9233333.663	10368919.43	9841470.753
1973	9885272.932	9317480.049	10453065.81	9919602.793
1972	9964385.987	9396593.104	10532178.87	9992503.59
1971	10037942.6	9470149.718	10605735.48	10059798.57
1970	10105505.9	9537713.018	10673298.78	10121183.18
1969	10166729.97	9598937.086	10734522.85	10176427.37
1968	10221363.18	9653570.3	10789156.06	10225378.99
1967	10269250.12	9701457.234	10837043	10267965.87
1966	10310331.97	9742539.09	10878124.85	10304196.79
1965	10344645.53	9776852.647	10912438.41	10334161.05
1964	10372320.62	9804527.736	10940113.5	10358026.8
1963	10393576.18	9825783.296	10961369.06	10376038.13
1962	10408714.94	9840922.06	10976507.82	10388510.84
1961	10418116.85	9850323.972	10985909.74	10395827.16
1960	10422231.34	9854438.455	10990024.22	10398429.25
1959	10421568.53	9853775.645	10989361.41	10396811.85
1958	10416689.65	9848896.764	10984482.53	10391514.01
1957	10408196.68	9840403.796	10975989.56	10383110.07
1956	10396721.53	9828928.643	10964514.41	10372200.15
1955	10382914.85	9815121.968	10950707.73	10359400.17
1954	10367434.79	9799641.905	10935227.67	10345331.72
1953	10350935.73	9783142.852	10918728.62	10330611.79
1952	10334057.42	9766264.538	10901850.3	10315842.71
1951	10317414.44	9749621.562	10885207.33	10301602.38
1950	10301586.46	9733793.573	10869379.34	10288434.96
1949	10287109.16	9719316.282	10854902.05	10276842.2
1948	10274466.32	9706673.442	10842259.21	10267275.67
1947	10264082.81	9696289.932	10831875.7	10260129.81
1946	10256318.95	9688526.063	10824111.83	10255736.13
1945	10251466.06	9683673.18	10819258.94	10254358.56
1944	10249743.51	9681950.632	10817536.4	10256190.03
1943	10251297.01	9683504.128	10819089.89	10261350.37
1942	10256198.38	9688405.5	10823991.26	10269885.6
1941	10264446.71	9696653.829	10832239.59	10281768.46
1940	10275970.78	9708177.9	10843763.66	10296900.41
1939	10290632.79	9722839.905	10858425.67	10315114.77
1938	10308233.17	9740440.283	10876026.05	10336181.2
1937	10328516.47	9760723.591	10896309.36	10359811.25
1936	10351178.13	9783385.25	10918971.02	10385664.87
1935	10375871.9	9808079.02	10943664.78	10413357.93
1934	10402217.91	9834425.027	10970010.79	10442470.34
1933	10429811.06	9862018.176	10997603.94	10472554.81
1932	10458229.64	9890436.756	11026022.52	10503145.94
1931	10487043.95	9919251.067	11054836.83	10533769.6
1930	10515824.77	9948031.885	11083617.65	10563952.22
1929	10544151.49	9976358.605	11111944.37	10593230.05
1928	10571619.77	10003826.89	11139412.66	10621157.96
1927	10597848.59	10030055.71	11165641.47	10647317.8
1926	10622486.47	10054693.58	11190279.35	10671326.07
1925	10645216.93	10077424.05	11213009.82	10692840.77
1924	10665762.99	10097970.11	11233555.87	10711567.29
1923	10683890.58	10116097.7	11251683.47	10727263.28
1922	10699411.08	10131618.19	11267203.96	10739742.36
1921	10712182.65	10144389.77	11279975.54	10748876.61
1920	10722110.72	10154317.83	11289903.6	10754597.92
1919	10729147.29	10161354.41	11296940.17	10756898
1918	10733289.52	10165496.63	11301082.4	10755827.2
1917	10734577.29	10166784.4	11302370.17	10751492.18
1916	10733090.14	10165297.26	11300883.02	10744052.48
1915	10728943.53	10161150.65	11296736.42	10733715.97
1914	10722284.59	10154491.71	11290077.47	10720733.54
1913	10713287.47	10145494.58	11281080.35	10705392.89
1912	10702148.47	10134355.59	11269941.36	10688011.75
1911	10689081.09	10121288.21	11256873.97	10668930.61
1910	10674310.98	10106518.09	11242103.86	10648505.11
1909	10658071.14	10090278.25	11225864.02	10627098.35
1908	10640597.32	10072804.44	11208390.2	10605073.14
1907	10622123.8	10054330.91	11189916.68	10582784.51
1906	10602879.53	10035086.65	11170672.42	10560572.56
1905	10583084.91	10015292.03	11150877.79	10538755.77
1904	10562948.95	9995156.068	11130741.83	10517625.03
1903	10542667.17	9974874.288	11110460.05	10497438.34
1902	10522420	9954627.113	11090212.88	10478416.44
1901	10502371.77	9934578.891	11070164.66	10460739.32
1900	10482670.34	9914877.462	11050463.23	10444543.8
1899	10463447.12	9895654.24	11031240.01	10429922.09
1898	10444817.65	9877024.763	11012610.53	10416921.38
1897	10426882.5	9859089.619	10994675.38	10405544.51
1896	10409728.58	9841935.694	10977521.46	10395751.61
1895	10393430.52	9825637.643	10961223.41	10387462.67
1894	10378052.37	9810259.489	10945845.25	10380560.91
1893	10363649.16	9795856.282	10931442.05	10374897.06
1892	10350268.6	9782475.713	10918061.48	10370294.11
1891	10337952.49	9770159.607	10905745.37	10366552.66
1890	10326738.12	9758945.235	10894531	10363456.69
1889	10316659.25	9748866.367	10884452.13	10360779.48
1888	10307746.91	9739954.031	10875539.8	10358289.69
1887	10300029.83	9732236.946	10867822.71	10355757.4
1886	10293534.48	9725741.597	10861327.36	10352959.89
1885	10288284.85	9720491.972	10856077.74	10349687.16
1884	10284301.84	9716508.958	10852094.72	10345747.03
1883	10281602.32	9713809.433	10849395.2	10340969.57
1882	10280197.98	9712405.1	10847990.87	10335210.98
1881	10280094	9712301.12	10847886.88	10328356.74
1880	10281287.48	9713494.6	10849080.36	10320323.88
1879	10283765.91	9715973.025	10851558.79	10311062.52
1878	10287505.59	9719712.711	10855298.48	10300556.52
1877	10292470.23	9724677.348	10860263.11	10288823.26
1876	10298609.61	9730816.731	10866402.5	10275912.66
1875	10305858.63	9738065.749	10873651.51	10261905.33
1874	10314136.58	9746343.696	10881929.46	10246910.1
1873	10323346.86	9755553.974	10891139.74	10231060.78
1872	10333377.12	9765584.233	10901170	10214512.47
1871	10344099.86	9776306.975	10911892.74	10197437.39
1870	10355373.53	9787580.651	10923166.42	10180020.27
1869	10367044.13	9799251.245	10934837.01	0
1868	10378947.21	9811154.328	10946740.09	0
1867	10390910.44	9823117.556	10958703.32	0
1866	10402756.43	9834963.552	10970549.32	0
1865	10414305.99	9846513.11	10982098.88	0
1864	10425381.53	9857588.649	10993174.41	0
1863	10435810.69	9868017.81	11003603.57	0
1862	10445430	9877637.115	11013222.88	0
1861	10454088.45	9886295.572	11021881.34	0
1860	10461651	9893858.115	11029443.88	0
1859	10468001.67	9900208.791	11035794.56	0
1858	10473046.45	9905253.567	11040839.33	0
1857	10476715.57	9908922.69	11044508.45	0
1856	10478965.38	9911172.493	11046758.26	0
1855	10479779.48	9911986.602	11047572.37	0
1854	10479169.35	9911376.47	11046962.23	0
1853	10477174.11	9909381.223	11044966.99	0
1852	10473859.68	9906066.797	11041652.56	0
1851	10469317.25	9901524.372	11037110.14	0
1850	10463661.01	9895868.132	11031453.9	0
1849	10457025.29	9889232.412	11024818.18	0
1848	10449561.16	9881768.282	11017354.05	0
1847	10441432.55	9873639.669	11009225.43	0
1846	10432811.99	9865019.112	11000604.88	0
1845	10423876.16	9856083.273	10991669.04	0
1844	10414801.19	9847008.312	10982594.08	0
1843	10405758.16	9837965.273	10973551.04	0
1842	10396908.49	9829115.603	10964701.37	0
1841	10388399.81	9820606.93	10956192.69	0
1840	10380362.12	9812569.239	10948155	0
1839	10372904.42	9805111.535	10940697.3	0
1838	10366112	9798319.121	10933904.89	0
1837	10360044.43	9792251.548	10927837.31	0
1836	10354734.2	9786941.322	10922527.09	0
1835	10350186.29	9782393.404	10917979.17	0
1834	10346378.4	9778585.517	10914171.28	0
1833	10343262.15	9775469.267	10911055.03	0
1832	10340764.93	9772972.043	10908557.81	0
1831	10338792.54	9770999.656	10906585.42	0
1830	10337232.51	9769439.625	10905025.39	0
1829	10335957.92	9768165.041	10903750.81	0
1828	10334831.76	9767038.881	10902624.65	0
1827	10333711.54	9765918.656	10901504.42	0
1826	10332454.13	9764661.25	10900247.01	0
1825	10330920.7	9763127.819	10898713.58	0
1824	10328981.47	9761188.589	10896774.35	0
1823	10326520.3	9758727.422	10894313.19	0
1822	10323438.88	9755645.999	10891231.76	0
1821	10319660.38	9751867.5	10887453.26	0
1820	10315132.54	9747339.658	10882925.42	0
1819	10309829.97	9742037.091	10877622.86	0
1818	10303755.72	9735962.833	10871548.6	0
1817	10296941.88	9729149	10864734.76	0
1816	10289449.45	9721656.57	10857242.34	0
1815	10281367.14	9713574.261	10849160.03	0
1814	10272809.41	9705016.523	10840602.29	0
1813	10263913.58	9696120.697	10831706.46	0
1812	10254836.29	9687043.409	10822629.17	0
1811	10245749.16	9677956.276	10813542.04	0
1810	10236833.94	9669041.054	10804626.82	0
1809	10228277.23	9660484.352	10796070.12	0
1808	10220264.93	9652472.051	10788057.82	0
1807	10212976.46	9645183.581	10780769.35	0
1806	10206579.12	9638786.236	10774372	0
1805	10201222.54	9633429.653	10769015.42	0
1804	10197033.54	9629240.654	10764826.42	0
1803	10194111.46	9626318.577	10761904.34	0
1802	10192524.12	9624731.242	10760317.01	0
1801	10192304.57	9624511.686	10760097.45	0
1800	10193448.65	9625655.77	10761241.54	0
1799	10195913.62	9628120.739	10763706.5	0
1798	10199617.68	9631824.8	10767410.56	0
1797	10204440.63	9636647.752	10772233.52	0
1796	10210225.57	9642432.684	10778018.45	0
1795	10216781.58	9648988.695	10784574.46	0
1794	10223887.51	9656094.623	10791680.39	0
1793	10231296.56	9681865.752	10780727.37	0
1792	10238741.79	9689310.976	10788172.6	0
1791	10245942.19	9696511.375	10795373	0
1790	10252609.44	9703178.629	10802040.25	0
1789	10258454.99	9709024.175	10807885.8	0
1788	10263197.33	9713766.514	10812628.14	0
1787	10266569.37	9717138.563	10816000.19	0
1786	10268325.67	9718894.856	10817756.48	0
1785	10268249.23	9718818.421	10817680.04	0
1784	10266157.97	9716727.155	10815588.78	0
1783	10261910.33	9712479.52	10811341.14	0
1782	10255410.23	9705979.415	10804841.04	0
1781	10246610.89	9697180.081	10796041.7	0
1780	10235517.74	9686086.929	10784948.55	0
1779	10222190.01	9672759.196	10771620.82	0
1778	10206741.18	9657310.366	10756171.99	0
1777	10189338.14	9639907.325	10738768.95	0
1776	10170199.05	9620768.24	10719629.86	0
1775	10149590	9600159.186	10699020.81	0
1774	10127820.39	9578389.583	10677251.2	0
1773	10105237.33	9555806.521	10654668.14	0
1772	10082218.9	9532788.086	10631649.71	0
1771	10059166.63	9509735.824	10608597.45	0
1770	10036497.31	9487066.497	10585928.12	0
1769	10014634.13	9465203.32	10564064.94	0
1768	9993997.666	9439566.913	10548428.42	0
1767	9974996.582	9420565.829	10529427.33	0
1766	9958018.489	9400540.137	10515496.84	0
1765	9943421.053	9385942.701	10500899.4	0
1764	9931523.592	9374045.24	10489001.94	0
1763	9922599.353	9365121.001	10480077.7	0
1762	9916868.651	9359390.299	10474347	0
1761	9914493.029	9357014.677	10471971.38	0
1760	9915570.588	9358092.236	10473048.94	0
1759	9920132.602	9362654.25	10477610.95	0
1758	9928141.503	9370663.152	10485619.85	0
1757	9939490.307	9382011.955	10496968.66	0
1756	9954003.489	9396525.137	10511481.84	0
1755	9971439.329	9413960.977	10528917.68	0
1754	9991493.659	9434015.308	10548972.01	0
1753	10013804.98	9456326.625	10571283.33	0
1752	10037960.79	9480482.439	10595439.14	0
1751	10063505.1	9506026.744	10620983.45	0
1750	10089946.81	9532468.46	10647425.16	0
1749	10116769.01	9559290.657	10674247.36	0
1748	10143438.73	9585960.378	10700917.08	0
1747	10169417.19	9611938.843	10726895.55	0
1746	10194170.18	9636691.83	10751648.53	0
1745	10217178.35	9659699.995	10774656.7	0
1744	10237947.27	9680468.92	10795425.62	0
1743	10256017.03	9698538.676	10813495.38	0
1742	10270971.04	9713492.689	10828449.39	0
1741	10282444.08	9729112.373	10835775.79	0
1740	10290129.2	9736797.496	10843460.91	0
1739	10293783.49	9740451.782	10847115.2	0
1738	10293232.48	9739900.773	10846564.19	0
1737	10288373.22	9735041.51	10841704.93	0
1736	10279175.82	9725844.108	10832507.52	0
1735	10265683.56	9712351.853	10819015.27	0
1734	10248011.55	9694679.837	10801343.25	0
1733	10226343.86	9673012.153	10779675.57	0
1732	10200929.45	9647597.739	10754261.16	0
1731	10172076.68	9618744.974	10725408.39	0
1730	10140146.86	9586815.15	10693478.57	0
1729	10105546.68	9552214.973	10658878.39	0
1728	10068719.99	9515388.277	10622051.69	0
1727	10030138.84	9476807.131	10583470.55	0
1726	9990294.253	9436962.545	10543625.96	0
1725	9949686.688	9396354.98	10503018.4	0
1724	9908816.586	9282759.512	10534873.66	0
1723	9868175.114	9242118.04	10494232.19	0
1722	9828235.333	9202178.259	10454292.41	0
1721	9789443.966	9163386.892	10415501.04	0
1720	9752213.94	9126156.866	10378271.01	0
1719	9716917.85	9090860.776	10342974.92	0
1718	9683882.462	9057825.388	10309939.54	0
1717	9653384.364	9027327.29	10279441.44	0
1716	9625646.825	8999589.751	10251703.9	0
1715	9600837.907	8974780.833	10226894.98	0
1714	9579069.84	8956018.027	10202121.65	0
1713	9560399.644	8937347.831	10183451.46	0
1712	9544830.942	8921779.129	10167882.76	0
1711	9532316.902	8909265.088	10155368.71	0
1710	9522764.197	8899712.384	10145816.01	0
1709	9516037.877	8892986.063	10139089.69	0
1708	9511966.99	8888915.177	10135018.8	0
1707	9510350.831	8887299.018	10133402.64	0
1706	9510965.62	8887913.806	10134017.43	0
1705	9513571.462	8890519.648	10136623.27	0
1704	9517919.402	8894867.589	10140971.22	0
1703	9523758.409	8900706.596	10146810.22	0
1702	9530842.115	8907790.301	10153893.93	0
1701	9538935.153	8915883.34	10161986.97	0
1700	9547818.964	8924767.151	10170870.78	0
1699	9557296.914	8934245.1	10180348.73	0
1698	9567198.642	8944146.829	10190250.46	0
1697	9577383.537	8954331.724	10200435.35	0
1696	9587743.272	8964691.459	10210795.09	0
1695	9598203.362	8975151.548	10221255.18	0
1694	9608723.726	8985671.913	10231775.54	0
1693	9619298.258	8996246.445	10242350.07	0
1692	9629953.428	9006901.614	10253005.24	0
1691	9640745.974	9017694.161	10263797.79	0
1690	9651759.758	9028707.945	10274811.57	0
1689	9663101.861	9040050.048	10286153.67	0
1688	9674898.04	9051846.226	10297949.85	0
1687	9687287.651	9064235.838	10310339.46	0
1686	9700418.185	9077366.372	10323470	0
1685	9714439.536	9091387.722	10337491.35	0
1684	9729498.15	9106446.336	10352549.96	0
1683	9745731.203	9122679.39	10368783.02	0
1682	9763260.939	9140209.126	10386312.75	0
1681	9782189.306	9159137.492	10405241.12	0
1680	9802593.017	9179541.203	10425644.83	0
1679	9824519.162	9201467.349	10447570.98	0
1678	9847981.462	9224929.648	10471033.28	0
1677	9872957.262	9249905.449	10496009.08	0
1676	9899385.345	9276333.532	10522437.16	0
1675	9927164.608	9304112.795	10550216.42	0
1674	9956153.656	9333101.842	10579205.47	0
1673	9986171.318	9363119.505	10609223.13	0
1672	10016998.1	9393946.289	10640049.92	0
1671	10048378.56	9425326.743	10671430.37	0
1670	10080024.51	9456972.694	10703076.32	0
1669	10111619.12	9488567.309	10734670.94	0
1668	10142821.72	9519769.907	10765873.53	0
1667	10173273.24	9550221.428	10796325.05	0
1666	10202602.29	9579550.472	10825654.1	0
1665	10230431.6	9607379.785	10853483.41	0
1664	10256384.88	9633333.066	10879436.69	0
1663	10280093.79	9657041.981	10903145.61	0
1662	10301205.04	9678153.224	10924256.85	0
1661	10319387.32	9696335.507	10942439.13	0
1660	10334338.14	9711286.325	10957389.95	0
1659	10345790.18	9722738.363	10968841.99	0
1658	10353517.23	9730465.414	10976569.04	0
1657	10357339.48	9734287.669	10980391.3	0
1656	10357128.1	9734076.283	10980179.91	0
1655	10352808.9	9729757.089	10975860.72	0
1654	10344365.2	9721313.389	10967417.02	0
1653	10331839.55	9708787.734	10954891.36	0
1652	10315334.46	9692282.642	10938386.27	0
1651	10295012.03	9671960.218	10918063.85	0
1650	10271092.48	9648040.663	10894144.29	0
1649	10243851.48	9620799.662	10866903.29	0
1648	10213616.52	9590564.71	10836668.34	0
1647	10180762.2	9557710.387	10803814.01	0
1646	10145704.5	9522652.686	10768756.31	0
1645	10108894.29	9485842.473	10731946.1	0
1644	10070810	9447758.182	10693861.81	0
1643	10031949.71	9408897.894	10655001.52	0
1642	9992822.74	9369770.927	10615874.55	0
1641	9953940.913	9330889.1	10576992.73	0
1640	9915809.652	9292757.838	10538861.47	0
1639	9878919.108	9255867.294	10501970.92	0
1638	9843735.464	9220683.651	10466787.28	0
1637	9810692.603	9187640.79	10433744.42	0
1636	9780184.312	9157132.498	10403236.13	0
1635	9752557.174	9129505.36	10375608.99	0
1634	9728104.312	9105052.498	10351156.12	0
1633	9707060.106	9084008.293	10330111.92	0
1632	9689596.008	9066544.195	10312647.82	0
1631	9675817.539	9052765.725	10298869.35	0
1630	9665762.553	9042710.74	10288814.37	0
1629	9659400.803	9036348.989	10282452.62	0
1628	9656634.825	9033583.012	10279686.64	0
1627	9657302.144	9034250.331	10280353.96	0
1626	9661178.75	9038126.937	10284230.56	0
1625	9667983.785	9044931.971	10291035.6	0
1624	9677385.354	9054333.541	10300437.17	0
1623	9689007.344	9065955.53	10312059.16	0
1622	9702437.103	9079385.289	10325488.92	0
1621	9717233.842	9094182.029	10340285.66	0
1620	9732937.57	9109885.756	10355989.38	0
1619	9749078.383	9126026.57	10372130.2	0
1618	9765185.925	9142134.112	10388237.74	0
1617	9780798.803	9157746.99	10403850.62	0
1616	9795473.781	9172421.968	10418525.59	0
1615	9808794.544	9185742.731	10431846.36	0
1614	9820379.864	9197328.051	10443431.68	0
1613	9829890.984	9206839.171	10452942.8	0
1612	9837038.082	9213986.268	10460089.9	0
1611	9841585.665	9218533.852	10464637.48	0
1610	9843356.806	9220304.993	10466408.62	0
1609	9842236.119	9219184.305	10465287.93	0
1608	9838171.424	9215119.611	10461223.24	0
1607	9831174.089	9208122.275	10454225.9	0
1606	9821318.022	9198266.209	10444369.84	0
1605	9808737.378	9185685.564	10431789.19	0
1604	9793623.01	9170571.196	10416674.82	0
1603	9776217.78	9153165.967	10399269.59	0
1602	9756810.823	9133759.01	10379862.64	0
1601	9735730.907	9112679.094	10358782.72	0
1600	9713339.042	9090287.228	10336390.86	0
1599	9690020.508	9066968.695	10313072.32	0
1598	9666176.494	9043124.68	10289228.31	0
1597	9642215.514	9019163.701	10265267.33	0
1596	9618544.825	8995493.011	10241596.64	0
1595	9595562.008	8972510.195	10218613.82	0
1594	9573646.925	8950595.111	10196698.74	0
1593	9553154.207	8930102.393	10176206.02	0
1592	9534406.451	8911354.638	10157458.26	0
1591	9517688.264	8894636.451	10140740.08	0
1590	9503241.273	8880189.459	10126293.09	0
1589	9491260.213	8868208.4	10114312.03	0
1588	9481890.162	8858838.349	10104941.98	0
1587	9475224.959	8852173.145	10098276.77	0
1586	9471306.841	8848255.027	10094358.65	0
1585	9470127.276	8847075.463	10093179.09	0
1584	9471628.955	8848577.142	10094680.77	0
1583	9475708.878	8852657.065	10098760.69	0
1582	9482222.438	8859170.625	10105274.25	0
1581	9490988.393	8711590.069	10270386.72	0
1580	9501794.581	8722396.258	10281192.9	0
1579	9514404.239	8735005.916	10293802.56	0
1578	9528562.741	8749164.418	10307961.06	0
1577	9544004.595	8764606.272	10323402.92	0
1576	9560460.513	8781062.19	10339858.84	0
1575	9577664.374	8798266.051	10357062.7	0
1574	9595359.901	8815961.578	10374758.22	0
1573	9613306.898	8833908.574	10392705.22	0
1572	9631286.866	8851888.542	10410685.19	0
1571	9649107.893	8869709.57	10428506.22	0
1570	9666608.676	8887210.352	10446007	0
1569	9683661.582	8836044.122	10531279.04	0
1568	9700174.696	8852557.236	10547792.16	0
1567	9716092.794	8868475.334	10563710.25	0
1566	9731397.236	8883779.776	10579014.7	0
1565	9746104.794	8898487.335	10593722.25	0
1564	9760265.452	8912647.992	10607882.91	0
1563	9773959.253	8926341.793	10621576.71	0
1562	9787292.285	8939674.825	10634909.74	0
1561	9800391.928	8952774.469	10648009.39	0
1560	9813401.491	8965784.032	10661018.95	0
1559	9826474.401	8978856.941	10674091.86	0
1558	9839768.104	8992150.644	10687385.56	0
1557	9853437.865	9005820.406	10701055.33	0
1556	9867630.625	9020013.166	10715248.09	0
1555	9882479.106	9034861.647	10730096.57	0
1554	9898096.333	9050478.873	10745713.79	0
1553	9914570.728	9066953.268	10762188.19	0
1552	9931961.926	9084344.466	10779579.39	0
1551	9950297.438	9102679.978	10797914.9	0
1550	9969570.267	9121952.807	10817187.73	0
1549	9989737.552	9142120.093	10837355.01	0
1548	10010720.3	9163102.841	10858337.76	0
1547	10032404.22	9184786.759	10880021.68	0
1546	10054641.65	9207024.187	10902259.11	0
1545	10077254.55	9229637.092	10924872.01	0
1544	10100038.51	9231107.767	10968969.26	0
1543	10122767.6	9253836.853	10991698.34	0
1542	10145200.03	9276269.288	11014130.78	0
1541	10167084.48	9298153.735	11036015.22	0
1540	10188166.8	9319236.058	11057097.55	0
1539	10208197.1	9339266.358	11077127.85	0
1538	10226936.87	9358006.124	11095867.61	0
1537	10244166.02	9375235.272	11113096.76	0
1536	10259689.64	9390758.894	11128620.38	0
1535	10273344.27	9404413.522	11142275.01	0
1534	10285003.46	9416072.717	11153934.21	0
1533	10294582.56	9425651.821	11163513.31	0
1532	10302042.47	9433111.724	11170973.21	0
1531	10307392.26	9438461.513	11176323	0
1530	10310690.66	9441759.916	11179621.4	0
1529	10312046.2	9443115.458	11180976.95	0
1528	10311616.06	9442685.312	11180546.8	0
1527	10309603.57	9440672.825	11178534.31	0
1526	10306254.51	9437323.764	11175185.25	0
1525	10301852.09	9432921.345	11170782.83	0
1524	10296710.89	9427780.149	11165641.64	0
1523	10291169.79	9422239.045	11160100.53	0
1522	10285584.04	9416653.299	11154514.79	0
1521	10280316.78	9411386.037	11149247.53	0
1520	10275730.01	9406799.27	11144660.76	0
1519	10272175.45	9403244.706	11141106.19	0
1518	10269985.32	9401054.577	11138916.07	0
1517	10269463.45	9400532.709	11138394.2	0
1516	10270876.82	9401946.075	11139807.56	0
1515	10274447.8	9405517.054	11143378.54	0
1514	10280347.34	9411416.598	11149278.09	0
1513	10288689.26	9430201.263	11147177.26	0
1512	10299525.77	9441037.774	11158013.77	0
1511	10312844.48	9454356.482	11171332.47	0
1510	10328566.86	9470078.863	11187054.86	0
1509	10346548.35	9488060.352	11205036.34	0
1508	10366580.05	9508092.051	11225068.04	0
1507	10388392.05	9529904.056	11246880.05	0
1506	10411658.35	9553170.35	11270146.34	0
1505	10436003.18	9577515.183	11294491.18	0
1504	10461008.81	9602520.81	11319496.8	0
1503	10486224.42	9627736.425	11344712.42	0
1502	10511176.1	9652688.1	11369664.09	0
1501	10535377.52	9674894.586	11395860.45	0
1500	10558341.25	9697858.318	11418824.18	0
1499	10579590.3	9719107.367	11440073.23	0
1498	10598669.68	9738186.753	11459152.62	0
1497	10615157.75	9754674.818	11475640.68	0
1496	10628676.94	9768194.013	11489159.88	0
1495	10638903.81	9778420.875	11499386.74	0
1494	10645577.89	9785094.962	11506060.83	0
1493	10648509.45	9788026.519	11508992.38	0
1492	10647585.59	9787102.66	11508068.52	0
1491	10642774.84	9782291.911	11503257.77	0
1490	10634129.91	9773646.98	11494612.84	0
1489	10621788.58	9761305.644	11482271.51	0
1488	10605972.67	9745489.736	11466455.6	0
1487	10586985.12	9726502.193	11447468.06	0
1486	10565205.15	9704722.22	11425688.08	0
1485	10541081.59	9680598.659	11401564.52	0
1484	10515124.6	9654641.668	11375607.53	0
1483	10487895.83	9627412.898	11348378.76	0
1482	10459997.28	9599514.351	11320480.21	0
1481	10432059.1	9600464.818	11263653.38	0
1480	10404726.52	9573132.237	11236320.8	0
1479	10378646.32	9547052.038	11210240.6	0
1478	10354453	9522858.719	11186047.28	0
1477	10332755.03	9465495.571	11200014.5	0
1476	10314121.49	9446862.03	11181380.96	0
1475	10299069.31	9431809.847	11166328.77	0
1474	10288051.52	9420792.057	11155310.98	0
1473	10281446.69	9414187.227	11148706.15	0
1472	10279549.8	9412290.339	11146809.27	0
1471	10282564.8	9415305.337	11149824.26	0
1470	10290598.95	9423339.487	11157858.41	0
1469	10303659.17	9436399.708	11170918.63	0
1468	10321650.4	9454390.935	11188909.86	0
1467	10344376.05	9477116.586	11211635.51	0
1466	10371540.56	9504281.096	11238800.02	0
1465	10402753.97	9535494.509	11270013.44	0
1464	10437538.46	9570278.996	11304797.92	0
1463	10475336.66	9608077.2	11342596.13	0
1462	10515521.67	9648262.205	11382781.13	0
1461	10557408.41	9690148.945	11424667.87	0
1460	10600266.26	9733006.796	11467525.72	0
1459	10643332.56	9776073.101	11510592.03	0
1458	10685826.81	9818567.35	11553086.28	0
1457	10726965.17	9859705.704	11594224.63	0
1456	10765975.05	9898715.588	11633234.51	0
1455	10802109.51	9934850.048	11669368.97	0
1454	10834661.04	9967401.576	11701920.5	0
1453	10862974.61	9995715.144	11730234.07	0
1452	10886459.64	10019200.18	11753719.11	0
1451	10904600.73	10037341.26	11771860.19	0
1450	10916966.8	10049707.34	11784226.27	0
1449	10923218.75	10055959.29	11790478.22	0
1448	10923115.2	10055855.73	11790374.66	0
1447	10916516.4	10049256.94	11783775.86	0
1446	10903386.31	10036126.85	11770645.77	0
1445	10883792.65	10016533.18	11751052.11	0
1444	10857905.08	9990645.618	11725164.54	0
1443	10825991.63	9958732.167	11693251.09	0
1442	10788413.29	9935961.915	11640864.67	0
1441	10745617.11	9893165.734	11598068.49	0
1440	10698127.83	9845676.45	11550579.2	0
1439	10646538.29	9794086.909	11498989.66	0
1438	10591498.83	9739047.453	11443950.21	0
1437	10533705.89	9681254.517	11386157.27	0
1436	10473890.04	9621438.664	11326341.42	0
1435	10412803.67	9560352.294	11265255.05	0
1434	10351208.64	9498757.26	11203660.01	0
1433	10289864.02	9437412.647	11142315.4	0
1432	10229514.27	9377062.893	11081965.65	0
1431	10170877.88	9318426.505	11023329.26	0
1430	10114636.9	9262185.521	10967088.27	0
1429	10061427.28	9208975.903	10913878.66	0
1428	10011830.38	9159378.999	10864281.75	0
1427	9966365.562	9113914.185	10818816.94	0
1426	9925484.163	9073032.786	10777935.54	0
1425	9889564.688	9037113.312	10742016.06	0
1424	9858909.445	9006458.069	10711360.82	0
1423	9833742.503	8981291.126	10686193.88	0
1422	9814209.004	8961757.627	10666660.38	0
1421	9800375.766	8947924.389	10652827.14	0
1420	9792233.108	8939781.731	10644684.48	0
1419	9789697.806	8937246.43	10642149.18	0
1418	9792617.078	8940165.701	10645068.45	0
1417	9800773.468	8948322.091	10653224.84	0
1416	9813890.513	8961439.136	10666341.89	0
1415	9831639.037	8979187.66	10684090.41	0
1414	9853643.946	9001192.569	10706095.32	0
1413	9879491.371	9027039.995	10731942.75	0
1412	9908736.029	9056284.653	10761187.41	0
1411	9940908.654	9088457.278	10793360.03	0
1410	9975523.387	9123072.011	10827974.76	0
1409	10012085	9159633.62	10864536.37	0
1408	10050095.83	9197644.452	10902547.21	0
1407	10089062.4	9236611.022	10941513.78	0
1406	10128501.53	9276050.155	10980952.91	0
1405	10167946.01	9290313.481	11045578.53	0
1404	10206949.64	9329317.115	11084582.17	0
1403	10245091.78	9367459.258	11122724.31	0
1402	10281981.2	9404348.674	11159613.72	0
1401	10317259.33	9439626.804	11194891.85	0
1400	10350602.93	9472970.409	11228235.46	0
1399	10381726.13	9504093.607	11259358.66	0
1398	10410381.86	9532749.332	11288014.38	0
1397	10436362.77	9575396.553	11297328.98	0
1396	10459501.62	9608265.088	11310738.15	0
1395	10479671.2	9628434.673	11330907.74	0
1394	10496783.8	9645547.27	11348020.33	0
1393	10510790.28	9659553.75	11362026.81	0
1392	10521678.85	9670442.313	11372915.38	0
1391	10529473.46	9678236.931	11380709.99	0
1390	10534232.05	9682995.522	11385468.59	0
1389	10536044.45	9684807.914	11387280.98	0
1388	10535030.14	9683793.604	11386266.67	0
1387	10531335.91	9680099.377	11382572.44	0
1386	10525133.32	9673896.784	11376369.85	0
1385	10516616.05	9665379.522	11367852.59	0
1384	10505997.26	9654760.731	11357233.79	0
1383	10493506.75	9642270.222	11344743.29	0
1382	10479388.2	9628151.664	11330624.73	0
1381	10463896.26	9612659.724	11315132.79	0
1380	10447293.73	9596057.197	11298530.26	0
1379	10429848.65	9578612.116	11281085.18	0
1378	10411831.4	9560594.867	11263067.93	0
1377	10393511.85	9542275.322	11244748.39	0
1376	10375156.53	9523919.995	11226393.06	0
1375	10357025.78	9505789.248	11208262.31	0
1374	10339371.08	9488134.55	11190607.61	0
1373	10322432.36	9471195.833	11173668.9	0
1372	10306435.46	9455198.931	11157671.99	0
1371	10291589.7	9440353.169	11142826.23	0
1370	10278085.61	9426849.082	11129322.15	0
1369	10266092.87	9414856.336	11117329.4	0
1368	10255758.37	9404521.838	11106994.9	0
1367	10247204.63	9395968.095	11098441.16	0
1366	10240528.36	9389291.832	11091764.9	0
1365	10235799.43	9384562.9	11087035.96	0
1364	10233060.03	9381823.503	11084296.57	0
1363	10232324.29	9381087.755	11083560.82	0
1362	10233578.13	9382341.601	11084814.67	0
1361	10236779.63	9385543.097	11088016.16	0
1360	10241859.6	9390623.071	11093096.13	0
1359	10248722.7	9397486.163	11099959.23	0
1358	10257248.77	9406012.239	11108485.3	0
1357	10267294.7	9416058.165	11118531.23	0
1356	10278696.46	9427459.933	11129933	0
1355	10291271.63	9440035.101	11142508.16	0
1354	10304822.06	9453585.53	11156058.59	0
1353	10319136.9	9467900.365	11170373.43	0
1352	10333995.76	9482759.229	11185232.29	0
1351	10349172.1	9497935.566	11200408.63	0
1350	10364436.63	9513200.101	11215673.16	0
1349	10379560.86	9528324.329	11230797.39	0
1348	10394320.54	9543084.009	11245557.07	0
1347	10408499.1	9557262.565	11259735.63	0
1346	10421890.9	9570654.367	11273127.43	0
1345	10434304.34	9583067.809	11285540.87	0
1344	10445564.68	9594328.145	11296801.21	0
1343	10455516.55	9604280.016	11306753.08	0
1342	10464026.16	9612789.633	11315262.7	0
1341	10470983.11	9528920.375	11413045.84	0
1340	10476301.7	9534238.965	11418364.43	0
1339	10479921.94	9604859.556	11354984.32	0
1338	10481809.99	9606747.603	11356872.37	0
1337	10481958.17	9606895.788	11357020.55	0
1336	10480384.56	9605322.175	11355446.94	0
1335	10477132.06	9602069.676	11352194.44	0
1334	10472267.14	9597204.757	11347329.52	0
1333	10465878.13	9590815.744	11340940.51	0
1332	10458073.18	9583010.799	11333135.56	0
1331	10448977.97	9573915.587	11324040.35	0
1330	10438733.09	9563670.706	11313795.47	0
1329	10427491.31	9552428.929	11302553.69	0
1328	10415414.7	9540352.322	11290477.09	0
1327	10402671.68	9527609.297	11277734.06	0
1326	10389434.05	9514371.671	11264496.44	0
1325	10375874.16	9500811.779	11250936.54	0
1324	10362162.09	9487099.711	11237224.48	0
1323	10348463.1	9473400.722	11223525.49	0
1322	10334935.24	9459872.857	11209997.62	0
1321	10321727.22	9446664.837	11196789.6	0
1320	10308976.62	9433914.241	11184039	0
1319	10296808.38	9421745.998	11171870.76	0
1318	10285333.6	9410271.22	11160395.98	0
1317	10274648.74	9399586.361	11149711.13	0
1316	10264835.1	9389772.72	11139897.48	0
1315	10255958.64	9380896.263	11131021.03	0
1314	10248070.13	9373007.746	11123132.51	0
1313	10241205.51	9366143.126	11116267.89	0
1312	10235386.58	9360324.199	11110448.96	0
1311	10230621.84	9355559.462	11105684.23	0
1310	10226907.51	9351845.132	11101969.9	0
1309	10224228.67	9349166.289	11099291.05	0
1308	10222560.49	9347498.104	11097622.87	0
1307	10221869.47	9346807.092	11096931.86	0
1306	10222114.76	9347052.378	11097177.14	0
1305	10223249.29	9348186.908	11098311.67	0
1304	10225220.98	9350158.594	11100283.36	0
1303	10227973.74	9352911.356	11103036.12	0
1302	10231448.43	9356386.047	11106510.81	0
1301	10235583.62	9360521.237	11110646	0
1300	10240316.24	9365253.862	11115378.63	0
1299	10245582.11	9370519.727	11120644.49	0
1298	10251316.26	9376253.876	11126378.64	0
1297	10257453.22	9382390.84	11132515.6	0
1296	10263927.16	9364350.15	11163504.17	0
1295	10270671.93	9371094.919	11170248.94	0
1294	10277621.08	9378044.072	11177198.09	0
1293	10284707.86	9385130.847	11184284.87	0
1292	10291865.16	9392288.153	11191442.17	0
1291	10299025.59	9399448.579	11198602.6	0
1290	10306121.49	9406544.477	11205698.5	0
1289	10313085.13	9413508.117	11212662.14	0
1288	10319848.96	9420271.945	11219425.97	0
1287	10326345.98	9361879.569	11290812.39	0
1286	10332510.26	9368043.854	11296976.67	0
1285	10338277.57	9373811.165	11302743.99	0
1284	10343586.13	9379119.72	11308052.54	0
1283	10348377.47	9383911.065	11312843.88	0
1282	10352597.45	9388131.039	11317063.86	0
1281	10356197.23	9391730.819	11320663.64	0
1280	10359134.41	9394667.996	11323600.82	0
1279	10361374.08	9396907.671	11325840.49	0
1278	10362889.93	9398423.517	11327356.34	0
1277	10363665.18	9399198.771	11328131.59	0
1276	10363693.53	9399227.124	11328159.94	0
1275	10362979.87	9398513.459	11327446.28	0
1274	10361540.81	9397074.405	11326007.23	0
1273	10359405.09	9394938.678	11323871.5	0
1272	10356613.58	9392147.172	11321079.99	0
1271	10353219.19	9388752.782	11317685.6	0
1270	10349286.36	9384819.951	11313752.77	0
1269	10344890.33	9380423.919	11309356.74	0
1268	10340116.11	9375649.697	11304582.52	0
1267	10335057.17	9370590.757	11299523.58	0
1266	10329813.89	9365347.476	11294280.3	0
1265	10324491.76	9360025.348	11288958.17	0
1264	10319199.42	9354733.013	11283665.83	0
1263	10314046.56	9349580.146	11278512.97	0
1262	10309141.66	9344675.246	11273608.07	0
1261	10304589.8	9340123.394	11269056.21	0
1260	10300490.45	9336024.035	11264956.86	0
1259	10296935.24	9332468.834	11261401.65	0
1258	10294006.09	9329539.684	11258472.5	0
1257	10291773.31	9327306.905	11256239.73	0
1256	10290294.11	9325827.699	11254760.52	0
1255	10289611.32	9325144.909	11254077.73	0
1254	10289752.52	9325286.111	11254218.93	0
1253	10290729.5	9326263.089	11255195.91	0
1252	10292538.11	9328071.695	11257004.52	0
1251	10295158.53	9330692.121	11259624.94	0
1250	10298555.98	9334089.575	11263022.4	0
1249	10302681.76	9338215.347	11267148.17	0
1248	10307474.66	9343008.251	11271941.07	0
1247	10312862.8	9348396.392	11277329.21	0
1246	10318765.64	9354299.233	11283232.05	0
1245	10325096.3	9360629.887	11289562.71	0
1244	10331764	9367297.594	11296230.41	0
1243	10338676.7	9374210.286	11303143.11	0
1242	10345743.61	9381277.2	11310210.02	0
1241	10352877.85	9413338.588	11292417.11	0
1240	10359998.81	9420459.554	11299538.07	0
1239	10367034.48	9427495.219	11306573.74	0
1238	10373923.36	9434384.101	11313462.62	0
1237	10380616.2	9441076.936	11320155.45	0
1236	10387077.23	9447537.97	11326616.49	0
1235	10393285.08	9453745.825	11332824.34	0
1234	10399233.17	9459693.914	11338772.43	0
1233	10404929.63	9465390.373	11344468.89	0
1232	10410396.78	9470857.518	11349936.04	0
1231	10415670.08	9476130.821	11355209.34	0
1230	10420796.69	9481257.426	11360335.94	0
1229	10425833.5	9486294.245	11365372.76	0
1228	10430844.94	9491305.677	11370384.2	0
1227	10435900.26	9496361.005	11375439.52	0
1226	10441070.8	9491104.007	11391037.59	0
1225	10446426.86	9490359.996	11402493.72	0
1224	10452034.63	9495299.451	11408769.8	0
1223	10457953.05	9501217.875	11414688.23	0
1222	10464230.78	9507495.6	11420965.95	0
1221	10470903.28	9514168.1	11427638.45	0
1220	10477990.24	9521255.065	11434725.42	0
1219	10485493.29	9528758.112	11442228.46	0
1218	10493394.09	9536658.916	11450129.27	0
1217	10501652.99	9544917.811	11458388.16	0
1216	10510208.08	9553472.906	11466943.26	0
1215	10518974.95	9562239.771	11475710.12	0
1214	10527846.89	9571111.711	11484582.06	0
1213	10536695.8	9579960.623	11493430.98	0
1212	10545373.64	9588638.463	11502108.82	0
1211	10553714.44	9596979.26	11510449.61	0
1210	10561536.86	9604801.688	11518272.04	0
1209	10568647.28	9611912.099	11525382.45	0
1208	10574843.18	9618107.999	11531578.35	0
1207	10579917.03	9623181.857	11536652.21	0
1206	10583660.36	9626925.185	11540395.54	0
1205	10585867.97	9629132.796	11542603.15	0
1204	10586342.31	9629607.13	11543077.48	0
1203	10584897.75	9628162.57	11541632.92	0
1202	10581364.81	9624629.632	11538099.98	0
1201	10575594.12	9618858.94	11532329.29	0
1200	10567460.07	9610724.893	11524195.25	0
1199	10556864.11	9600128.937	11513599.29	0
1198	10543737.54	9587002.361	11500472.71	0
1197	10528043.74	9571308.566	11484778.92	0
1196	10509779.91	9553044.733	11466515.09	0
1195	10488978.04	9532242.862	11445713.22	0
1194	10465705.34	9508970.164	11422440.52	0
1193	10440063.95	9483328.773	11396799.13	0
1192	10412189.98	9455454.806	11368925.16	0
1191	10382251.96	9425516.779	11338987.13	0
1190	10350448.6	9393713.42	11307183.77	0
1189	10317006.09	9360270.913	11273741.27	0
1188	10282174.83	9325439.658	11238910.01	0
1187	10246225.77	9289490.59	11202960.94	0
1186	10209446.34	9252711.159	11166181.51	0
1185	10172136.22	9215401.044	11128871.4	0
1184	10134602.87	9177867.694	11091338.05	0
1183	10097156.97	9140421.795	11053892.15	0
1182	10060107.93	9103372.752	11016843.1	0
1181	10023759.45	9067024.27	10980494.62	0
1180	9988405.313	9031670.136	10945140.49	0
1179	9954325.444	8997590.268	10911060.62	0
1178	9921782.282	8975400.06	10868164.5	0
1177	9891017.59	8944635.368	10837399.81	0
1176	9862249.711	8915867.49	10808631.93	0
1175	9835671.318	8889289.096	10782053.54	0
1174	9811447.68	8865065.458	10757829.9	0
1173	9789715.476	8843333.255	10736097.7	0
1172	9770582.127	8824199.905	10716964.35	0
1171	9754125.656	8807743.434	10700507.88	0
1170	9740395.049	8794012.827	10686777.27	0
1169	9729411.071	8783028.849	10675793.29	0
1168	9721167.499	8774785.277	10667549.72	0
1167	9715632.725	8769250.503	10662014.95	0
1166	9712751.66	8766369.438	10659133.88	0
1165	9712447.878	8766065.656	10658830.1	0
1164	9714625.94	8768243.718	10661008.16	0
1163	9719173.826	8772791.604	10665556.05	0
1162	9725965.407	8779583.185	10672347.63	0
1161	9734862.907	8788480.685	10681245.13	0
1160	9745719.278	8799337.056	10692101.5	0
1159	9758380.456	8811998.234	10704762.68	0
1158	9772687.44	8826305.218	10719069.66	0
1157	9788478.167	8842095.945	10734860.39	0
1156	9805589.153	8859206.931	10751971.37	0
1155	9823856.88	8877474.659	10770239.1	0
1154	9843118.931	8896736.709	10789501.15	0
1153	9863214.862	8916832.64	10809597.08	0
1152	9883986.839	8937604.617	10830369.06	0
1151	9905280.044	8958897.823	10851662.27	0
1150	9926942.889	8980560.667	10873325.11	0
1149	9948827.059	9002444.837	10895209.28	0
1148	9970787.437	9024405.215	10917169.66	0
1147	9992681.944	9046299.722	10939064.17	0
1146	10014371.33	9067989.108	10960753.55	0
1145	10035718.98	9089336.754	10982101.2	0
1144	10056590.73	9110208.511	11002972.95	0
1143	10076854.85	9130472.628	11023237.07	0
1142	10096382.01	9149999.792	11042764.24	0
1141	10115045.54	9168663.315	11061427.76	0
1140	10132721.71	9186339.492	11079103.94	0
1139	10149290.36	9202908.139	11095672.58	0
1138	10164635.54	9218253.322	11111017.77	0
1137	10178646.5	9232264.275	11125028.72	0
1136	10191218.72	9244836.495	11137600.94	0
1135	10202255.22	9255873.002	11148637.45	0
1134	10211667.95	9265285.723	11158050.17	0
1133	10219379.21	9272996.987	11165761.43	0
1132	10225323.3	9278941.078	11171705.52	0
1131	10229448.02	9283065.802	11175830.25	0
1130	10231716.26	9285334.036	11178098.48	0
1129	10232107.4	9285725.181	11178489.62	0
1128	10230618.72	9284236.495	11177000.94	0
1127	10227266.47	9280884.246	11173648.69	0
1126	10222086.85	9275704.627	11168469.07	0
1125	10215136.63	9264134.44	11166138.82	0
1124	10206493.5	9255491.305	11157495.69	0
1123	10196256.03	9245253.839	11147258.22	0
1122	10184543.35	9233541.158	11135545.54	0
1121	10171494.33	9220492.136	11122496.52	0
1120	10157266.45	9206264.256	11108268.64	0
1119	10142034.25	9191032.054	11093036.44	0
1118	10125987.38	9174985.19	11076989.57	0
1117	10109328.35	9158326.154	11060330.54	0
1116	10092269.84	9141267.652	11043272.03	0
1115	10075031.88	9124029.69	11026034.07	0
1114	10057838.61	9106836.423	11008840.8	0
1113	10040915.01	9089912.819	10991917.2	0
1112	10024483.38	9073481.192	10975485.57	0
1111	10008759.87	9057757.677	10959762.06	0
1110	9993950.902	9042948.711	10944953.09	0
1109	9980249.792	9029247.601	10931251.98	0
1108	9967833.426	9016831.235	10918835.62	0
1107	9956859.21	9005857.019	10907861.4	0
1106	9947462.292	8996460.101	10898464.48	0
1105	9939753.136	8988750.945	10890755.33	0
1104	9933815.508	8982813.317	10884817.7	0
1103	9929704.907	8978702.716	10880707.1	0
1102	9927447.508	8976445.317	10878449.7	0
1101	9927039.622	8976037.431	10878041.81	0
1100	9928447.706	8977445.515	10879449.9	0
1099	9931608.934	8980606.743	10882611.13	0
1098	9936432.322	8985430.131	10887434.51	0
1097	9942800.389	8991798.198	10893802.58	0
1096	9950571.337	8999569.146	10901573.53	0
1095	9959581.71	9008579.519	10910583.9	0
1094	9969649.478	9018647.287	10920651.67	0
1093	9980577.498	9029575.307	10931579.69	0
1092	9992157.273	9041155.082	10943159.46	0
1091	10004172.95	9053170.759	10955175.14	0
1090	10016405.47	9065403.274	10967407.66	0
1089	10028636.75	9077634.562	10979638.94	0
1088	10040653.94	9089651.748	10991656.13	0
1087	10052253.42	9101251.231	11003255.61	0
1086	10063244.76	9112242.572	11014246.95	0
1085	10073454.29	9122452.102	11024456.48	0
1084	10082728.37	9131726.18	11033730.56	0
1083	10090936.21	9139934.018	11041938.4	0
1082	10097972.21	9146970.021	11048974.4	0
1081	10103757.78	9152755.59	11054759.97	0
1080	10108242.53	9157240.335	11059244.72	0
1079	10111404.88	9160402.693	11062407.08	0
1078	10113252.11	9162249.915	11064254.3	0
1077	10113819.63	9162817.439	11064821.82	0
1076	10113169.84	9162167.653	11064172.03	0
1075	10111390.28	9160388.088	11062392.47	0
1074	10108591.27	9157589.074	11059593.46	0
1073	10104903.11	9153900.919	11055905.3	0
1072	10100472.86	9149470.674	11051475.06	0
1071	10095460.77	9144458.575	11046462.96	0
1070	10090036.42	9139034.227	11041038.61	0
1069	10084374.83	9133372.635	11035377.02	0
1068	10078652.37	9127650.18	11029654.56	0
1067	10073042.81	9122040.619	11024045	0
1066	10067713.42	9116711.231	11018715.61	0
1065	10062821.37	9121103.328	11004539.41	0
1064	10058510.38	9116792.333	11000228.42	0
1063	10054907.79	9113189.748	10996625.83	0
1062	10052122.12	9110404.075	10993840.16	0
1061	10050241.05	9108523.007	10991959.09	0
1060	10049330.07	9107612.028	10991048.11	0
1059	10049431.63	9107713.587	10991149.67	0
1058	10050564.92	9108846.877	10992282.96	0
1057	10052726.25	9111008.206	10994444.29	0
1056	10055889.97	9114171.927	10997608.01	0
1055	10060009.96	9118291.919	11001728	0
1054	10065021.58	9123303.54	11006739.62	0
1053	10070844.05	9129126.005	11012562.09	0
1052	10077383.16	9135665.115	11019101.2	0
1051	10084534.28	9142816.237	11026252.32	0
1050	10092185.51	9150467.466	11033903.55	0
1049	10100220.9	9158502.855	11041938.94	0
1048	10108523.68	9166805.634	11050241.72	0
1047	10116979.34	9175261.301	11058697.38	0
1046	10125478.56	9183760.523	11067196.61	0
1045	10133919.78	9192201.736	11075637.82	0
1044	10142211.43	9200493.391	11083929.47	0
1043	10150273.81	9208555.765	11091991.85	0
1042	10158040.35	9216322.312	11099758.39	0
1041	10165458.53	9223740.492	11107176.57	0
1040	10172490.13	9230772.09	11114208.17	0
1039	10179111.04	9237393	11120829.08	0
1038	10185310.55	9243592.505	11127028.59	0
1037	10191090.12	9249372.081	11132808.16	0
1036	10196461.82	9254743.775	11138179.86	0
1035	10201446.25	9259728.21	11143164.29	0
1034	10206070.35	9264352.309	11147788.39	0
1033	10210364.84	9268646.802	11152082.88	0
1032	10214361.66	9272643.619	11156079.7	0
1031	10218091.3	9276373.261	11159809.34	0
1030	10221580.28	9279862.242	11163298.33	0
1029	10224848.74	9283130.701	11166566.78	0
1028	10227908.31	9286190.273	11169626.36	0
1027	10230760.33	9289042.293	11172478.38	0
1026	10233394.46	9291676.42	11175112.5	0
1025	10235787.76	9294069.723	11177505.81	0
1024	10237904.32	9296186.281	11179622.36	0
1023	10239695.37	9297977.324	11181413.41	0
1022	10241099.97	9299381.927	11182818.01	0
1021	10242046.28	9300328.238	11183764.32	0
1020	10242453.27	9300735.229	11184171.31	0
1019	10242232.96	9300514.916	11183951	0
1018	10241293.03	9299574.991	11183011.07	0
1017	10239539.84	9297821.797	11181257.88	0
1016	10236881.59	9295163.549	11178599.63	0
1015	10233231.76	9291513.719	11174949.8	0
1014	10228512.51	9286794.465	11170230.55	0
1013	10222658.06	9280940.015	11164376.1	0
1012	10215617.93	9270029.351	11161206.5	0
1011	10207359.86	9261771.286	11152948.43	0
1010	10197872.43	9252283.857	11143461	0
1009	10187167.15	9241578.579	11132755.73	0
1008	10175280.08	9219043.439	11131516.71	0
1007	10162272.78	9206036.139	11118509.41	0
1006	10148232.69	9191996.056	11104469.33	0
1005	10133272.79	9177036.154	11089509.43	0
1004	10117530.53	9161293.891	11073767.16	0
1003	10101166.14	9144929.501	11057402.77	0
1002	10084360.26	9128123.623	11040596.9	0
1001	10067310.96	9111074.321	11023547.59	0
1000	10050230.19	9093993.55	11006466.82	0
999	10033339.8	9077103.164	10989576.44	0
998	10016867.18	9060630.548	10973103.82	0
997	10001040.61	9044803.976	10957277.25	0
996	9986084.455	9011394.713	10960774.2	0
995	9972214.352	8997524.611	10946904.09	0
994	9959632.468	8984942.726	10934322.21	0
993	9948522.944	8973833.202	10923212.69	0
992	9939047.681	8964357.939	10913737.42	0
991	9931342.539	8956652.797	10906032.28	0
990	9925514.065	8950824.324	10900203.81	0
989	9921636.826	8946947.084	10896326.57	0
988	9919751.417	8945061.676	10894441.16	0
987	9919863.2	8945173.458	10894552.94	0
986	9921941.799	8947252.058	10896631.54	0
985	9925921.378	8951231.637	10900611.12	0
984	9931701.68	8957011.939	10906391.42	0
983	9939149.819	8964460.077	10913839.56	0
982	9948102.771	8973413.029	10922792.51	0
981	9958370.516	8983680.775	10933060.26	0
980	9969739.742	8995050.001	10944429.48	0
979	9981978.034	9007288.293	10956667.78	0
978	9994838.448	9020148.707	10969528.19	0
977	10008064.36	9033374.616	10982754.1	0
976	10021394.47	9046704.726	10996084.21	0
975	10034567.87	9059878.132	11009257.61	0
974	10047329.06	9072639.322	11022018.8	0
973	10059432.74	9084742.998	11034122.48	0
972	10070648.36	9095958.617	11045338.1	0
971	10080764.31	9106074.564	11055454.05	0
970	10089591.6	9114901.857	11064281.34	0
969	10096967.07	9122277.326	11071656.81	0
968	10102755.94	9128066.196	11077445.68	0
967	10106853.78	9132164.036	11081543.52	0
966	10109187.8	9134498.055	11083877.54	0
965	10109717.45	9135027.712	11084407.2	0
964	10108434.41	9133744.673	11083124.16	0
963	10105361.85	9130672.108	11080051.59	0
962	10100553.12	9125863.383	11075242.87	0
961	10094089.93	9119400.188	11068779.67	0
960	10086079.89	9111390.153	11060769.64	0
959	10076653.77	9101964.03	11051343.51	0
958	10065962.26	9091272.522	11040652.01	0
957	10054172.56	9079482.823	11028862.31	0
956	10041464.71	9066774.972	11016154.46	0
955	10028027.85	9053338.108	11002717.59	0
954	10014056.43	9039366.693	10988746.18	0
953	9999746.551	9025056.809	10974436.29	0
952	9985292.338	9010602.596	10959982.08	0
951	9970882.642	8996192.9	10945572.38	0
950	9956697.943	8982008.201	10931387.68	0
949	9942907.612	8968217.87	10917597.35	0
948	9929667.544	8954977.803	10904357.29	0
947	9917118.2	8942428.458	10891807.94	0
946	9905383.07	8930693.329	10880072.81	0
945	9894567.587	8919877.846	10869257.33	0
944	9884758.468	8910068.727	10859448.21	0
943	9876023.486	8879073.009	10872973.96	0
942	9868411.642	8871461.165	10865362.12	0
941	9861953.717	8865003.24	10858904.19	0
940	9856663.148	8859712.671	10853613.62	0
939	9852537.202	8855586.725	10849487.68	0
938	9849558.386	8852607.909	10846508.86	0
937	9847696.034	8850745.557	10844646.51	0
936	9846908.036	8849957.559	10843858.51	0
935	9847142.63	8850192.153	10844093.11	0
934	9848340.211	8851389.734	10845290.69	0
933	9850435.114	8853484.637	10847385.59	0
932	9853357.296	8856406.819	10850307.77	0
931	9857033.913	8860083.436	10853984.39	0
930	9861390.711	8864440.235	10858341.19	0
929	9866353.24	8869402.763	10863303.72	0
928	9871847.839	8874897.362	10868798.32	0
927	9877802.405	8880851.928	10874752.88	0
926	9884146.917	8887196.44	10881097.39	0
925	9890813.735	8893863.259	10887764.21	0
924	9897737.679	8900787.202	10894688.16	0
923	9904855.906	8907905.429	10901806.38	0
922	9912107.623	8915157.146	10909058.1	0
921	9919433.649	8922483.172	10916384.13	0
920	9926775.884	8929825.407	10923726.36	0
919	9934076.712	8937126.235	10931027.19	0
918	9941278.386	8944327.909	10938228.86	0
917	9948322.45	8951371.973	10945272.93	0
916	9955149.216	8958198.739	10952099.69	0
915	9961697.371	8964746.894	10958647.85	0
914	9967903.725	8970953.248	10964854.2	0
913	9973703.151	8976752.674	10970653.63	0
912	9979028.729	8982078.253	10975979.21	0
911	9983812.131	8986861.654	10980762.61	0
910	9987984.243	8991033.766	10984934.72	0
909	9991476.039	8994525.562	10988426.52	0
908	9994219.69	8997269.214	10991170.17	0
907	9996149.903	8999199.426	10993100.38	0
906	9997205.448	9000254.972	10994155.93	0
905	9997330.866	9000380.389	10994281.34	0
904	9996478.279	8999527.802	10993428.76	0
903	9994609.29	8997658.813	10991559.77	0
902	9991696.884	8994746.407	10988647.36	0
901	9987727.293	8990776.816	10984677.77	0
900	9982701.75	8985751.273	10979652.23	0
899	9976638.065	8979687.588	10973588.54	0
898	9969571.969	8972621.492	10966522.45	0
897	9961558.153	8964607.676	10958508.63	0
896	9952670.949	8955720.472	10949621.43	0
895	9943004.607	8946054.13	10939955.08	0
894	9932673.119	8935722.642	10929623.6	0
893	9921809.558	8924859.081	10918760.03	0
892	9910564.916	8913614.439	10907515.39	0
891	9899106.429	8902155.952	10896056.91	0
890	9887615.394	8890664.917	10884565.87	0
889	9876284.499	8879334.022	10873234.98	0
888	9865314.7	8868364.223	10862265.18	0
887	9854911.693	8857961.216	10851862.17	0
886	9845282.041	8848331.564	10842232.52	0
885	9836629.029	8839678.552	10833579.51	0
884	9829148.341	8832197.864	10826098.82	0
883	9823023.639	8826073.162	10819974.12	0
882	9818422.163	8821471.686	10815372.64	0
881	9815490.441	8818539.964	10812440.92	0
880	9814350.237	8817399.76	10811300.71	0
879	9815094.833	8818144.356	10812045.31	0
878	9817785.754	8820835.277	10814736.23	0
877	9822450.045	8825499.568	10819400.52	0
876	9829078.17	8832127.693	10826028.65	0
875	9837622.642	8840672.165	10834573.12	0
874	9847997.415	8851046.938	10844947.89	0
873	9860078.12	8863127.643	10857028.6	0
872	9873703.15	8876752.673	10870653.63	0
871	9888675.613	8891725.136	10885626.09	0
870	9904766.152	8907815.675	10901716.63	0
869	9921716.585	8924766.108	10918667.06	0
868	9939244.319	8942293.842	10936194.8	0
867	9957047.472	8960096.995	10953997.95	0
866	9974810.596	8977860.119	10971761.07	0
865	9992210.898	8995260.421	10989161.38	0
864	10008924.84	9011974.361	11005875.31	0
863	10024634.95	9027684.475	11021585.43	0
862	10039036.76	9042086.282	11035987.24	0
861	10051845.6	9054895.123	11048796.08	0
860	10062803.23	9065852.758	11059753.71	0
859	10071684.06	9074733.579	11068634.53	0
858	10078300.76	9081350.282	11075251.24	0
857	10082509.32	9085558.84	11079459.79	0
856	10084213.15	9087262.67	11081163.62	0
855	10083366.32	9086415.848	11080316.8	0
854	10079975.78	9083025.3	11076926.25	0
853	10074102.36	9077151.878	11071052.83	0
852	10065860.75	9068910.274	11062811.23	0
851	10055418.22	9058467.745	11052368.7	0
850	10042992.13	9046041.648	11039942.6	0
849	10028846.3	9031895.826	11025796.78	0
848	10013286.35	9016335.877	11010236.83	0
847	9996653.888	8999703.411	10993604.37	0
846	9979319.871	8982369.394	10976270.35	0
845	9961677.182	8964726.705	10958627.66	0
844	9944132.541	8947182.064	10941083.02	0
843	9927097.974	8930147.497	10924048.45	0
842	9910981.992	8914031.515	10907932.47	0
841	9896180.684	8899230.207	10893131.16	0
840	9883068.911	8886118.434	10880019.39	0
839	9871991.803	8875041.326	10868942.28	0
838	9863256.75	8866306.273	10860207.23	0
837	9857126.072	8860175.595	10854076.55	0
836	9853810.54	8856860.063	10850761.02	0
835	9853463.902	8856513.425	10850414.38	0
834	9856178.549	8859228.072	10853129.03	0
833	9861982.431	8865031.954	10858932.91	0
832	9870837.305	8873886.828	10867787.78	0
831	9882638.37	8885687.893	10879588.85	0
830	9897215.318	8900264.841	10894165.79	0
829	9914334.784	8917384.307	10911285.26	0
828	9933704.169	8936753.692	10930654.65	0
827	9954976.753	8958026.277	10951927.23	0
826	9977758.013	8980807.536	10974708.49	0
825	10001613.01	9004662.531	10998563.48	0
824	10026074.69	9029124.215	11023025.17	0
823	10050652.98	9053702.499	11047603.45	0
822	10074844.35	9077893.872	11071794.83	0
821	10098141.86	9101191.384	11095092.34	0
820	10120045.25	9123094.772	11116995.73	0
819	10140071	9143120.523	11137021.48	0
818	10157762.13	9160811.651	11154712.6	0
817	10172697.45	9162804.804	11182590.1	0
816	10184500.2	9174607.554	11194392.85	0
815	10192845.72	9182953.067	11202738.37	0
814	10197468.13	9187575.478	11207360.78	0
813	10198165.85	9188273.2	11208058.5	0
812	10194805.77	9184913.12	11204698.42	0
811	10187326.04	9177433.393	11197218.69	0
810	10175737.45	9165844.796	11185630.1	0
809	10160123.26	9150230.605	11170015.91	0
808	10140637.65	9130745.003	11150530.3	0
807	10117502.7	9107610.053	11127395.35	0
806	10091003.97	9081111.317	11100896.62	0
805	10061484.85	9051592.197	11071377.5	0
804	10029339.79	9019447.143	11039232.44	0
803	9995006.509	8985113.859	11004899.16	0
802	9958957.342	8949064.692	10968849.99	0
801	9921690.025	8911797.375	10931582.67	0
800	9883717.976	8873825.326	10893610.63	0
799	9845560.367	8835667.717	10855453.02	0
798	9807732.157	8797839.507	10817624.81	0
797	9770734.309	8760841.659	10780626.96	0
796	9735044.384	8725151.734	10744937.03	0
795	9701107.709	8691215.059	10711000.36	0
794	9669329.293	8659436.643	10679221.94	0
793	9640066.653	8630174.003	10649959.3	0
792	9613623.68	8603731.03	10623516.33	0
791	9590245.674	8580353.024	10600138.32	0
790	9570115.616	8560222.966	10580008.27	0
789	9553351.758	8543459.108	10563244.41	0
788	9540006.545	8530113.895	10549899.2	0
787	9530066.885	8520174.235	10539959.53	0
786	9523455.733	8513563.083	10533348.38	0
785	9520034.947	8510142.297	10529927.6	0
784	9519609.326	8509716.676	10529501.98	0
783	9521931.737	8512039.087	10531824.39	0
782	9526709.211	8516816.561	10536601.86	0
781	9533609.858	8523717.208	10543502.51	0
780	9542270.45	8532377.8	10552163.1	0
779	9552304.521	8542411.871	10562197.17	0
778	9563310.781	8553418.131	10573203.43	0
777	9574881.697	8564989.047	10584774.35	0
776	9586612.048	8576719.398	10596504.7	0
775	9598107.28	8588214.63	10607999.93	0
774	9608991.51	8599098.86	10618884.16	0
773	9618915.006	8609022.356	10628807.66	0
772	9627561.014	8617668.364	10637453.66	0
771	9634651.801	8624759.151	10644544.45	0
770	9639953.811	8630061.161	10649846.46	0
769	9643281.838	8633389.188	10653174.49	0
768	9644502.164	8634609.514	10654394.81	0
767	9643534.605	8633641.955	10653427.25	0
766	9640353.449	8630460.799	10650246.1	0
765	9634987.29	8625094.641	10644879.94	0
764	9627517.78	8617625.13	10637410.43	0
763	9618077.334	8608184.684	10627969.98	0
762	9606845.867	8596953.217	10616738.52	0
761	9594046.632	8584153.982	10603939.28	0
760	9579941.261	8570048.611	10589833.91	0
759	9564824.119	8554931.469	10574716.77	0
758	9549016.098	8539123.448	10558908.75	0
757	9532857.965	8522965.315	10542750.61	0
756	9516703.42	8506810.77	10526596.07	0
755	9500911.997	8491019.347	10510804.65	0
754	9485841.928	8427416.491	10544267.37	0
753	9471843.142	8413417.705	10530268.58	0
752	9459250.494	8400825.056	10517675.93	0
751	9448377.372	8374063.201	10522691.54	0
750	9439509.791	8365195.619	10513823.96	0
749	9432901.061	8358586.89	10507215.23	0
748	9428767.147	8354452.975	10503081.32	0
747	9427282.763	8352968.591	10501596.93	0
746	9428578.283	8354264.112	10502892.46	0
745	9432737.506	8358423.334	10507051.68	0
744	9439796.28	8365482.108	10514110.45	0
743	9449742.032	8375427.861	10524056.2	0
742	9462514.158	8388199.986	10536828.33	0
741	9478005.269	8403691.097	10552319.44	0
740	9496063.259	8421749.087	10570377.43	0
739	9516494.12	8442179.948	10590808.29	0
738	9539065.467	8464751.295	10613379.64	0
737	9563510.674	8489196.502	10637824.85	0
736	9589533.553	8515219.381	10663847.72	0
735	9616813.475	8542499.303	10691127.65	0
734	9645010.841	8570696.669	10719325.01	0
733	9673772.8	8599458.629	10748086.97	0
732	9702739.12	8628424.948	10777053.29	0
731	9731548.098	8657233.927	10805862.27	0
730	9759842.432	8685528.26	10834156.6	0
729	9787274.936	8712960.765	10861589.11	0
728	9813514.034	8739199.863	10887828.21	0
727	9838248.931	8763934.759	10912563.1	0
726	9861194.399	8786880.227	10935508.57	0
725	9882095.112	8807780.941	10956409.28	0
724	9900729.466	8826415.295	10975043.64	0
723	9916912.842	8842598.67	10991227.01	0
722	9930500.276	8856186.105	11004814.45	0
721	9941388.512	8867074.341	11015702.68	0
720	9949517.405	8875203.233	11023831.58	0
719	9954870.682	8880556.51	11029184.85	0
718	9957476.057	8883161.886	11031790.23	0
717	9957404.701	8883090.529	11031718.87	0
716	9954770.089	8880455.917	11029084.26	0
715	9949726.25	8875412.079	11024040.42	0
714	9942465.441	8868151.27	11016779.61	0
713	9933215.287	8858901.115	11007529.46	0
712	9922235.422	8847921.251	10996549.59	0
711	9909813.685	8835499.513	10984127.86	0
710	9896261.901	8821947.729	10970576.07	0
709	9881911.326	8807597.155	10956225.5	0
708	9867107.784	8792793.613	10941421.96	0
707	9852206.573	8777892.401	10926520.74	0
706	9837567.19	8763253.019	10911881.36	0
705	9823547.948	8749233.776	10897862.12	0
704	9810500.532	8736186.36	10884814.7	0
703	9798764.581	8724450.409	10873078.75	0
702	9788662.343	8714348.171	10862976.51	0
701	9780493.485	8706179.313	10854807.66	0
700	9774530.118	8743352.676	10805707.56	0
699	9771012.105	8739834.664	10802189.55	0
698	9770142.724	8738965.282	10801320.17	0
697	9772084.741	8740907.299	10803262.18	0
696	9776956.967	8745779.525	10808134.41	0
695	9784831.353	8753653.912	10816008.8	0
694	9795730.675	8764553.234	10826908.12	0
693	9809626.865	8778449.423	10840804.31	0
692	9826440.03	8795262.588	10857617.47	0
691	9846038.196	8814860.754	10877215.64	0
690	9868237.807	8837060.366	10899415.25	0
689	9892804.994	8861627.552	10923982.44	0
688	9919457.628	8888280.187	10950635.07	0
687	9947868.156	8916690.714	10979045.6	0
686	9977667.2	8946489.758	11008844.64	0
685	10008447.9	8977270.462	11039625.34	0
684	10039770.98	9008593.537	11070948.42	0
683	10071170.41	9039992.967	11102347.85	0
682	10102159.74	9070982.298	11133337.18	0
681	10132238.89	9101061.448	11163416.33	0
680	10160901.38	9129723.943	11192078.83	0
679	10187641.93	9156464.489	11218819.37	0
678	10211964.2	9180786.763	11243141.65	0
677	10233388.76	9202211.319	11264566.2	0
676	10251460.93	9220283.487	11282638.37	0
675	10265758.57	9234581.124	11296936.01	0
674	10275899.56	9244722.12	11307077	0
673	10281548.93	9250371.492	11312726.38	0
672	10282425.42	9251247.977	11313602.86	0
671	10278307.42	9247129.974	11309484.86	0
670	10269038.18	9237860.734	11300215.62	0
669	10254530.13	9223352.69	11285707.57	0
668	10234768.27	9203590.827	11265945.71	0
667	10209812.45	9178635.013	11240989.9	0
666	10179798.67	9148621.227	11210976.11	0
665	10144939.07	9113761.629	11176116.51	0
664	10105520.88	9074343.442	11136698.33	0
663	10061904.09	9030726.644	11093081.53	0
662	10014517.9	8983340.453	11045695.34	0
661	9963856.114	8932678.673	10995033.56	0
660	9910471.347	8879293.905	10941648.79	0
659	9854968.18	8823790.738	10886145.62	0
658	9797995.417	8766817.975	10829172.86	0
657	9740237.46	8709060.018	10771414.9	0
656	9682404.982	8651227.54	10713582.42	0
655	9625225.014	8594047.572	10656402.46	0
654	9569430.612	8538253.171	10600608.05	0
653	9515750.255	8484572.814	10546927.7	0
652	9464897.154	8433719.713	10496074.6	0
651	9417558.643	8386381.201	10448736.08	0
650	9374385.82	8343208.379	10405563.26	0
649	9335983.633	8304806.191	10367161.07	0
648	9302901.548	8271724.107	10334078.99	0
647	9275624.992	8244447.55	10306802.43	0
646	9254567.693	8223390.251	10285745.13	0
645	9240065.072	8208887.631	10271242.51	0
644	9232368.791	8201191.349	10263546.23	0
643	9231642.559	8200465.117	10262820	0
642	9237959.28	8206781.838	10269136.72	0
641	9251299.59	8220122.148	10282477.03	0
640	9271551.811	8240374.369	10302729.25	0
639	9298513.343	8267335.901	10329690.78	0
638	9331893.455	8300716.013	10363070.9	0
637	9371317.448	8340140.007	10402494.89	0
636	9416332.116	8385154.674	10447509.56	0
635	9466412.41	8435234.968	10497589.85	0
634	9520969.206	8489791.764	10552146.65	0
633	9579358.034	8548180.592	10610535.48	0
632	9640888.634	8609711.192	10672066.08	0
631	9704835.163	8673657.722	10736012.61	0
630	9770446.897	8739269.455	10801624.34	0
629	9836959.235	8805781.793	10868136.68	0
628	9903604.835	8872427.393	10934782.28	0
627	9969624.68	8938447.238	11000802.12	0
626	10034278.91	9003101.468	11065456.35	0
625	10096857.23	9065679.786	11128034.67	0
624	10156688.72	9125511.277	11187866.16	0
623	10213150.93	9181973.488	11244328.37	0
622	10265678.05	9234500.612	11296855.5	0
621	10313768.12	9282590.674	11344945.56	0
620	10356989.04	9325811.596	11388166.48	0
619	10394983.5	9363806.061	11426160.94	0
618	10427472.56	9396295.123	11458650.01	0
617	10454257.95	9423080.511	11485435.39	0
616	10475223.06	9444045.62	11506400.5	0
615	10490332.64	9459155.197	11521510.08	0
614	10499631.19	9468453.748	11530808.63	0
613	10503240.17	9432918.723	11573561.61	0
612	10501354.01	9431032.562	11571675.45	0
611	10494235.1	9423913.658	11564556.55	0
610	10482207.85	9411886.402	11552529.29	0
609	10465651.84	9395330.391	11535973.28	0
608	10444994.39	9374672.95	11515315.84	0
607	10420702.56	9350381.117	11491024.01	0
606	10393274.68	9322953.233	11463596.12	0
605	10363231.74	9292910.297	11433553.19	0
604	10331108.69	9260787.249	11401430.14	0
603	10297445.76	9227124.312	11367767.2	0
602	10262780.01	9192458.569	11333101.46	0
601	10227637.33	9157315.883	11297958.77	0
600	10192524.77	9122203.323	11262846.21	0
599	10157923.62	9087602.173	11228245.06	0
598	10124283.11	9053961.664	11194604.55	0
597	10092014.93	9021693.485	11162336.37	0
596	10061488.6	8991167.156	11131810.05	0
595	10033027.75	8962706.309	11103349.2	0
594	10006907.35	8936585.907	11077228.8	0
593	9983351.864	8913030.419	11053673.31	0
592	9962534.377	8892212.932	11032855.82	0
591	9944576.639	8874255.194	11014898.08	0
590	9929549.98	8859228.535	10999871.42	0
589	9917477.059	8847155.615	10987798.5	0
588	9908334.371	8838012.926	10978655.82	0
587	9902055.423	8831733.978	10972376.87	0
586	9898534.503	8828213.059	10968855.95	0
585	9897630.928	8827309.483	10967952.37	0
584	9899173.669	8828852.225	10969495.11	0
583	9902966.265	8832644.82	10973287.71	0
582	9908791.878	8838470.433	10979113.32	0
581	9916418.428	8846096.984	10986739.87	0
580	9925603.672	8855282.227	10995925.12	0
579	9936100.138	8865778.694	11006421.58	0
578	9947659.838	8877338.394	11017981.28	0
577	9960038.658	8889717.214	11030360.1	0
576	9973000.374	8902678.929	11043321.82	0
575	9986320.221	8915998.776	11056641.67	0
574	9999787.986	8929466.542	11070109.43	0
573	10013210.58	8942889.134	11083532.02	0
572	10026414.06	8956092.615	11096735.5	0
571	10039245.14	8968923.693	11109566.58	0
570	10051572.12	8981250.678	11121893.57	0
569	10063285.36	8992963.912	11133606.8	0
568	10074297.17	9003975.724	11144618.61	0
567	10084541.36	9014219.913	11154862.8	0
566	10093972.29	9023650.845	11164293.73	0
565	10102563.63	9032242.183	11172885.07	0
564	10110306.78	9039985.331	11180628.22	0
563	10117209.08	9046887.637	11187530.53	0
				
				
				
				
				
				
				
				
				
				
				
				
				
				
				
				
				
				
				
				
				
				
				
				
				
				
				
				
				
				
				
				
				
				
				
				
				
				
				
				
				
				
				
				
				
				
				
				
				
				
				
				
				
				
				
				
				
				
				
				
				
				
				
				
				
				
				
				
				
				
				
				
				
				
				
				
				
				
				
				
				
				
				
				
				
				
				
				
				
				
				
				
				
				
				
				
				
				
				
				
				
				
				
				
				
				
				
				
				
				
				
				
				
				
				
				
				
				
				
				
				
				
				
				
				
				
				
				
				
				
				
				
				
				
				
				
				
				
				
				
				
				
				
				
				
				
				
				
				
				
				
				
				
				
				
				
				
				
				
				
				
				
				
				
				
				
				
				
				
				
				
				
				
				
				
				
				
				
				
				
				
				
				
				
				
				
				
				
				
				
				
				
				
				
				
				
				
				
				
				
				
				
				
				
				
				
				
				
				
				
				
				
				
				
				
				
				
				
				
				
				
				
				
				
				
				
				
				
				
				
				
				
				
				
				
				
				
				
				
				
				
				
				
				
				
				
				
				
				
				
				
				
				
				
				
				
				
				
				
				
				
				
				
				
				
				
				
				
				
				
				
				
				
				
				
				
				
				
				
				
				
				
				
				
				
				
				
				
				
				
				
				
				
				
				
				
				
				
				
				
				
				
				
				
				
				
				
				
				
				
				
				
				
				
				
				
				
				
				
				
				
				
				
				
				
				
				
				
				
				
				
				
				
				
				
				
				
				
				
				
				
				
				
				
				
				
				
				
				
				
				
				
				
				
				
				
				
				
				
				
				
				
				
				
				
				
				
				
				
				
				
				
				
				
				
				
				
				
				
				
				
				
				
				
				
				
				
				
				
				
				
				
				
				
				
				
				
				
				
				
				
				
				
				
				
				
				
				
				
				
				
				
				
				
				
				
				
				
				
				
				
				
				
				
				
				
				
				
				
				
				
				
				
				
				
				
				
				
				
				
				
				
				
				
				
				
				
				
				
				
				
				
				
				
				
				
				
				
				
				
				
				
				
				
				
				
				
				
				
				
				
				
				
				
				
				
				
				
				
				
				
				
				
				
				
				
				
				
				
				
				
				
				
				
				
				
				
				
				
				
				
				
				
				
				
				
				
				
				
				
				
				
				
				
				
				
				
				
				
				
				
				
				
				
				
				
				
				
				
				
				
				
				
				
				
				
				
				
				
				
				
				
				
				
				
				
				
				
				
				
				
				
				
				
				
				
				
				
				
				
				
				
				
				
				
				
				
				
				
				
				
				
				
				
				
				
				
				
				
				
				
				
				
				
				
				
				
				
				
				
				
				
				
				
				
				
				
				
				
				
				
				
				
				
				
				
				
				
				
				
				
				
				
				
				
				
				
				
				
				
				
				
				
				
				
				
				
				
				
				
				
				
				
				
				
				
				
				
				
				
				
				
				
				
				
				
				
				
				
				
				
				
				
				
				
				
				
				
				
				
				
				
				
				
				
				
				
				
				
				
				
				
				
				
				
				
				
				
				
				
				
				
				
				
				
				
				
				
				
				
				
				
				
				
				
				
				
				
				
				
				
				
				
				
				
				
				
				
				
				
				
				
				
				
				
				
				
